e=0.0001, r=3
Hans
681          100 с шагом 100 
267
978
751
110
128
304
668
620
615
972
465
727
184
2017
1677
363
495
291
326
Hans_finish
Hill
111         
82
126
152
146
144
78
91
146
128
53
149
186
86
137
66
98
139
141
105
Hill_finish
e=0.0001, r=2.5 (- 9 pos)
Hans
499     80 с шагом 100
318
691
486
89
333
267
563
488
518
882
794
332
232
2047
592
1637
638
154
309
Hans_finish
Hill
59           
88
95
117
94
97
47
100
119
100
84
135
164
63
105
83
103
67
104
105
Hill_finish
e=0.01, r=3
Hans
60      10 с шагом 20
39
160
41
27
87
35
141
34
78
120
93
48
28
246
135
35
86
40
61
Hans_finish
Hill
43     
36
47
36
39
1
43
32
33
32
38
17
0
42
40
34
41
34
37
26
Hill_finish
СЧЁТЕСЛИ($G$1:$G$20; "<="&D1)Hill
43
36
47
36
39
1
43
32
33
32
38
17
0
42
40
34
41
34
37
26
Hill_finish
Hill
111
82
126
152
146
144
78
91
146
128
53
149
186
86
137
66
98
139
141
105
Hill_finish
Hans
681
267
978
751
110
128
304
668
620
615
972
465
727
184
2017
1677
363
495
291
326
Hans_finish
Hans
681
267
978
751
Hans
Hans
681
267
978
751
110
128
304
668
620
615
972
465
727
184
2017
1677
363
495
291
326
Hans_finish
Hill
111
82
126
152
146
144
78
91
146
128
53
149
186
86
137
66
98
139
141
105
Hill_finish
