hill e = 0.005, r = 3.6, eps = 0.01, p=k=20
33.768 22.733 19.495 18.865 17.984 17.461 17.489 17.818 17.799 17.805 17.894 17.88 17.898 17.942 18.637 18.76 19.04 19.465 20.019 19.977 20.123 
19.161 18.083 17.54 17.29 17.372 17.152 17.333 17.441 17.797 17.978 18.149 18.66 19.125 19.376 20.03 19.929 21.005 21.166 21.469 21.609 22.014 
17.42 17.609 17.439 17.293 17.352 17.774 17.797 18.05 18.62 19.128 19.571 20.294 20.58 20.978 21.073 21.428 21.749 22.329 22.818 22.987 23.008 
17.278 17.359 17.296 17.423 17.902 18.448 18.712 19.223 19.752 19.938 20.864 20.875 21.448 21.846 22.1 22.509 22.92 23.373 23.393 23.36 23.821 
17.292 17.357 17.975 18.335 18.648 19.354 19.823 20.102 20.739 20.859 20.93 21.67 22.444 22.777 23.349 23.987 23.882 24.811 25.314 25.204 25.518 
17.701 18.245 18.6 19.25 19.929 20.454 20.767 21.152 21.919 22.132 22.685 22.575 23.487 23.806 23.61 24.445 25.261 25.964 25.879 26.409 26.96 
18.329 19.099 19.704 19.76 20.786 20.966 21.481 21.401 21.734 21.956 23.384 24.065 24.571 24.925 25.313 25.909 26.093 26.602 27.001 27.723 27.862 
18.875 19.477 19.707 19.927 20.597 21.156 21.593 21.969 22.92 23.164 23.466 23.978 24.602 24.796 25.79 25.776 26.174 26.498 26.404 26.944 28.2 
19.321 19.966 20.515 21.109 21.587 22.256 23.317 23.935 24.172 24.877 25.469 25.729 26.47 26.591 27.269 28.393 27.737 27.911 28.745 28.917 29.227 
20.263 21.184 21.905 22.263 22.904 23.399 23.542 24.047 24.946 25.408 26.072 26.343 26.796 26.955 27.093 27.363 28.021 28.785 28.673 28.793 28.927 
20.757 21.263 21.86 22.434 23.316 23.959 23.932 24.435 25.371 25.642 25.436 25.772 25.923 26.54 27.052 27.706 27.771 28.069 28.571 28.649 28.891 
20.622 21.158 21.715 22.302 22.795 23.453 23.89 25.939 26.508 26.98 27.217 27.547 28.176 28.683 28.83 29.249 29.592 30.036 30.334 30.429 30.545 
21.638 22.146 22.958 23.812 24.146 24.959 25.479 25.726 26.221 26.594 27.095 27.208 27.93 28.384 28.677 29.83 29.968 29.61 30.326 30.337 30.546 
22.441 23.045 23.139 24.064 24.52 24.55 25.106 25.697 26.34 27.175 27.634 28.077 28.785 29.195 29.236 29.25 29.922 29.749 29.963 30.367 30.498 
22.339 22.92 23.582 24.324 25.059 25.747 25.658 25.706 26.478 26.986 27.43 27.778 28.031 28.598 28.952 29.091 29.172 29.437 29.554 30.213 31.164 
22.985 24.183 24.194 24.816 25.845 25.986 26.679 26.695 27.298 27.701 28.095 28.792 29.598 30.084 30.845 31.031 31.522 31.726 32.607 32.762 33.708 
24.076 24.391 25.471 25.873 26.57 27.05 27.158 27.119 27.268 27.954 28.418 28.554 29.086 29.271 29.401 29.895 30.245 30.821 30.886 31.556 32.67 
23.271 24.18 24.709 25.584 26.157 26.809 27.388 27.55 27.527 28.556 28.921 29.323 29.762 30.548 31.143 31.308 31.339 31.131 31.534 31.522 32.228 
24.242 24.89 25.602 26.368 26.911 27.518 27.362 27.649 28.777 28.997 29.31 29.597 29.794 30.306 30.869 31.375 31.703 32.209 32.291 32.954 32.11 
23.965 24.595 25.498 26.116 26.71 27.002 27.781 28.126 28.656 29.307 29.595 29.661 30.105 30.491 30.997 31.427 31.489 31.444 31.835 32.143 31.627 
25.287 26.246 26.693 27.33 26.885 27.475 28.597 28.782 28.849 29.752 30.614 30.903 31.345 31.554 32.095 32.208 32.651 33.238 32.306 31.904 32.439 

shekel 0.005 4.3 0.01 20
19.457 14.667 13.305 12.984 12.603 12.701 12.619 12.774 13.007 13.129 13.716 13.982 14.391 14.947 15.145 15.544 15.607 16.073 16.227 16.738 16.979 
12.653 12.448 12.574 12.402 12.867 13.065 13.089 13.796 14.16 14.574 15.042 15.089 15.556 15.952 16.46 16.472 16.795 17.146 17.791 17.976 18.335 
12.202 12.692 12.86 13.051 13.501 14.019 14.59 14.891 15.065 15.683 16.139 16.458 16.916 17.72 18.165 18.38 18.569 19.313 20.285 20.635 20.531 
12.747 12.978 13.542 14.056 14.411 15.05 15.796 16.158 16.705 17.183 17.784 18.3 18.45 18.892 19.975 20.218 20.264 20.889 21.783 21.706 21.98 
13.514 14.218 14.292 14.847 15.395 15.998 16.595 17.095 17.271 18.034 18.704 18.984 19.766 20.539 20.908 21.43 21.49 21.977 22.118 22.571 22.298 
14.269 14.68 15.152 15.666 16.124 16.887 17.257 17.801 18.066 18.467 19.035 19.433 20.032 20.806 21.053 21.631 22.08 22.396 22.431 22.944 23.851 
14.722 15.394 16.175 16.545 16.692 17.46 18.381 18.807 18.955 19.833 20.179 20.404 21 21.566 22.077 22.627 23.132 23.386 23.863 23.611 24.146 
15.538 16.136 16.501 17.646 18.301 18.687 19.151 19.78 20.186 20.589 20.91 21.228 22.064 21.803 22.847 22.877 23.121 23.547 23.947 23.867 24.286 
15.839 16.399 17.233 17.825 18.251 18.825 19.299 19.966 20.252 21.252 21.569 21.972 22.51 23.096 23.333 23.694 23.703 23.931 24.301 24.398 25.117 
16.372 17.125 17.828 18.483 19.268 19.557 20.267 21.049 21.507 21.852 22.38 22.778 23.567 23.793 23.94 24.09 24.224 24.205 25.002 25.745 26.007 
17.009 17.874 18.254 18.994 19.483 19.945 20.157 20.863 21.626 22.034 22.092 22.461 22.955 23.604 23.812 24.739 24.878 25.243 25.372 26.004 26.301 
17.229 18.234 19.093 19.498 20.291 20.688 20.876 21.486 21.922 22.519 22.57 23.164 23.578 24.295 24.537 24.675 25.168 25.346 25.596 26.281 26.321 
18.136 18.665 18.714 19.557 20.098 21.129 21.396 21.553 22.144 22.518 23.245 24.023 24.619 24.794 25.321 25.209 25.674 26.068 26.425 27.243 27.348 
18.617 19.15 19.849 20.52 21.155 21.825 22.461 22.121 22.638 22.886 23.24 24.013 24.201 24.526 25.197 25.759 25.791 26.287 26.742 27.105 27.866 
18.516 19.33 19.743 20.438 21.317 21.855 22.481 23.093 23.71 24.067 24.593 24.976 25.683 26.229 26.229 26.133 26.534 26.856 27.127 27.439 27.279 
18.867 19.506 20.436 21.075 21.6 22.403 23.075 23.827 24.105 24.42 24.509 25.175 25.289 25.308 25.694 24.934 25.499 26.408 26.133 26.57 27.127 
18.809 19.322 19.969 20.63 21.11 21.57 22.273 22.636 22.974 23.474 24.103 24.861 25.212 25.885 26.175 26.461 26.799 27.201 27.647 27.975 28.159 
19.169 19.727 20.461 21.499 22.181 22.725 23.137 24.044 24.656 24.962 25.104 25.558 26.47 26.123 26.671 26.951 27.002 27.275 27.959 28.288 28.031 
19.793 20.462 21.06 21.812 22.265 22.982 23.175 23.645 24.024 25.225 25.569 25.891 26.23 26.501 27.206 27.349 26.977 27.365 27.454 27.32 27.692 
19.53 20.197 20.895 21.386 22.1 22.503 23.215 23.949 24.348 24.43 25.039 25.123 24.965 25.351 25.861 26.28 26.23 26.798 27.187 28.243 28.706 
20.492 20.887 21.375 22.054 22.351 22.813 23.293 23.555 23.989 24.654 24.794 25.235 25.747 25.816 26.206 26.751 26.925 26.692 27.04 27.111 28.571 

Grish 0.01 3.6 0.02 20
300.04 162.35 165.25 139.35 129.46 132.3 147.75 136.36 145.47 146.61 154.1 145.33 167.19 167.11 174.65 160.84 182.11 178.42 194.13 225.33 239.22 
147.53 127.86 125.48 129.46 124.53 133.91 135.91 145.5 144.48 156.75 160.24 167.82 160.45 181.06 189.68 200.31 221.87 229.05 247.38 247.23 253.9 
129.71 123.76 130.23 129.93 137.8 133.76 136.72 142.59 158.14 164.54 165.8 194.18 192.36 217 235.28 262.21 248.92 257.29 250.92 286.58 331.23 
115.78 135.44 122.98 139.18 147.6 155.1 159.75 165.15 195.04 186.74 213.15 223.26 253.79 240.06 228.66 263.12 282.45 319.75 341.81 325.95 343.25 
131.35 132.17 149.09 157.71 149.73 161.07 186.11 180.03 188.99 204.12 219.88 226.58 239.76 271.15 268.4 294.68 304.54 321.71 333.25 368.52 359.45 
134.41 136.07 148.91 145.52 160.11 179.17 192.49 194.53 206.47 233.69 249.9 259.73 257.98 260.22 328.92 314.8 322.42 327.56 377.67 349.66 397.39 
142.3 129.96 155.28 179.44 176.6 178.96 203.97 219.33 248.89 260.69 278.25 278.95 278.78 302.12 332.75 325.45 354.49 391.76 386.02 392.96 418.27 
148.22 153.85 154.98 162.24 196.87 216.62 221.96 224.32 235.45 282.32 257.69 317.1 330.48 321.52 362.65 401.22 403.94 389.03 373.62 422.82 464.43 
145.74 166.84 168.49 193.36 214.45 223.38 244.03 250.81 252.28 286.95 292.06 312.71 325.87 323.69 345.61 354.57 359.88 408.68 426.84 501.85 522.92 
161.61 165.07 187.95 201.03 204.26 214.21 249.66 255.62 287.6 280.58 334.35 339.42 361.99 389.77 379.08 403.94 453.61 464.96 477.04 478.26 475.4 
170.27 178.67 193.84 220.99 219.16 216.7 275.09 280.33 306.11 281.67 317.37 345.92 363.09 372.81 380.56 486.39 414.22 435 484.46 429.67 460.84 
175.61 186.62 205.63 215.05 218.04 255.24 275 308.97 309.5 328.29 337.77 348.21 386.44 393.4 394.17 468.88 470.81 416.69 467.5 496.4 528.92 
161.08 208.73 214.87 213.52 247.77 267.62 284.67 307.51 325.19 390.28 328.9 376.32 355.42 390.21 449.96 450.07 505.13 444.68 465.41 526.59 507.37 
183.36 201.69 237.57 231.59 265.33 295.45 301.43 311.92 314.81 324.17 382.44 386.8 421.57 414.07 451.51 399.46 467.89 508.83 505.1 500.86 507.57 
209.23 204.82 230.06 231.52 265.98 298.68 312.7 319.22 321.71 324.16 351.22 392.35 373.53 421.4 418.55 486.97 485.1 494.71 522.35 566.06 566.62 
196.54 219.65 235.09 264 286.96 293.05 313.81 337.93 366.36 341.59 353.16 404.99 405.48 419.44 397.97 501.88 496.09 527.3 516.3 566.41 547.74 
219.89 223.5 249 275.77 272.63 291.69 329.61 327.44 320.31 373.29 386.85 415.4 423.94 442.47 467.21 509.46 467.82 516.38 543.33 553.45 586.54 
205.9 243.76 241.96 282.27 283.36 301.09 326 345.67 343.69 403.91 395.87 400.53 466.13 423.17 440.75 540.32 484.65 540.83 532.18 544.88 612.26 
201.78 225.61 262.82 274.87 281.89 300.21 344.45 388.59 362.75 386.65 391.17 430.14 476.4 406.51 482.07 513.42 491.32 562.65 578.22 558.06 526.89 
200.33 242.96 256.8 287.81 289.21 330.31 307.73 381 386.25 399.87 406.87 449.81 458.75 498.12 502 542.84 488.6 564.44 560.63 661.94 556.5 
218.4 244.77 272.7 269.07 274.9 317.99 352 354.83 379.84 394.8 410.17 485.96 421.95 498.06 434.42 562.16 542.29 544.31 591.91 571.47 586.26 


gkls 0.01 6.8 0.02 20
473.41 307.85 248.35 243.64 223.66 226.77 208.48 206.34 204.98 210.66 194.37 210.87 210.38 216.34 241.49 227.36 251.8 258.77 264.78 290.23 287.67 
205.69 188.44 206.69 194.09 203.36 217.61 217.46 221.53 228.86 245.78 249.37 242.41 253.88 255.94 286.05 311.94 308.07 296.87 318.55 324.92 346.77 
191.86 190.41 203.57 208.23 219.93 244.62 229.45 232.37 256.36 277.45 268.23 296.51 322.03 306.19 340.52 348.08 326.26 361.28 410.95 404.09 382.93 
210.03 207.06 212.3 217.86 227.81 245.52 266.13 292.26 301.96 328.21 317.92 363.34 360.09 393.91 428.86 388.22 456 404.68 426.46 453.02 425.6 
207.67 236.14 245.81 281.2 264.92 289.33 323.76 311.96 328.29 348.48 378.22 375.86 407.82 387.52 451.36 451.56 464.4 499.54 484.83 464.62 449.84 
231.93 236.78 268.53 288.69 297.19 304.89 350.97 324.16 369.32 384.5 382.11 456.32 458.51 422.1 465.93 483.1 481.93 502.75 519.36 556.01 464.85 
245.31 282.69 307.52 316.89 326.85 321.64 334.44 368.61 397.4 411.45 412.37 414.2 418.08 511.36 511.93 536.84 428.34 620.91 543.22 610.73 558.62 
257.51 301.04 308.12 348.27 334.27 378.1 377.66 364.7 430.05 449.04 436.13 488.91 469.24 491.84 501.66 555.99 597.67 526.61 519.97 540.13 682.11 
315.53 310.49 303.95 335.6 392.19 360.72 426.69 404.4 439.27 461.69 507.93 545.62 514.37 461.77 494.51 538.29 643.46 603.47 592.45 567.41 579.75 
305.31 339.95 350.2 366.85 353.16 400.55 427.88 498.51 427.66 484.08 470.82 474.55 540.48 576.02 545.69 596.16 608.25 608.85 585.01 620.68 690.74 
313.5 359.91 376.44 410.8 400.09 454.37 414.73 497.71 493.81 451.88 476.51 578.67 531.14 581.54 565.88 603.22 588.1 600.94 612.93 661.6 637.02 
308.54 356.41 400.63 398.05 420.46 438.56 448.94 478.68 531.26 476.77 537.13 521.42 557.13 586.46 599.63 620.21 590.43 641.12 627.25 587.37 651.6 
341.04 362.78 370.29 442.51 416.33 439.65 439.64 498.69 563.54 530.98 530.43 564.1 584.92 562.39 675.44 598.44 630.17 711.53 680.49 699.72 666.94 
367.92 373.33 403.47 390.79 429.33 505.32 470.69 486.96 510.96 564.33 560.7 553.16 577.88 608.97 645.54 668.21 735.09 660.91 680.77 689.41 688.76 
345.52 381.49 415.83 415.97 472.13 467.13 478.55 497 560.63 545.12 610.12 568.76 618.58 698.37 658.08 621.8 653.89 699.94 697.38 666.91 701.61 
373.17 351.71 402.78 453.6 448.89 478.84 530.08 533.17 540.58 503.92 562.07 577.46 606.44 623.89 634.33 668.62 607.4 768.62 706.03 672.23 808.79 
421.26 389.53 433.53 440.92 472.1 473.54 531.16 495.34 511.7 549.88 526.08 585.39 621.64 599.05 621.68 704.19 682.95 741.3 804.71 782.12 726.52 
374.57 383.1 431.68 445.76 440.83 497.08 494.82 520.89 568.41 515.93 596.43 617.04 618.01 663.73 609.48 722.63 725.52 715.22 780.29 750.09 735.22 
380.99 421.22 407.8 425.35 457.58 536.08 494.19 525.04 591.26 613.48 587.88 611.46 633.88 661.63 645.52 692.16 678.06 665.73 784.57 710.56 834.61 
439.64 402.74 408.42 447.32 469.08 488.6 528.5 566.6 520.74 614.62 641.05 606.63 623.9 617.51 668.23 633.82 675.06 788.67 738.27 750.48 791.74 
381.91 467.03 465.68 437.83 460.41 525.79 556.46 565.97 593.29 517.53 614.64 600.54 670.81 656.77 636.55 740.17 765.3 801.31 633.8 781.87 700.69 
