
gkls r = 6.8 e = 0.01 n = 20
415.51 310.67 246.02 236.29 203.16 200.54 190.08 216.17 203.75 194 202.43 220.88 215.11 232.3 238.61 242.85 271.05 263.5 265.77 289.99 279.67 
183.24 189.79 187.1 195.11 182 204.17 216.5 210.17 227.99 248.15 227.19 254.13 257.17 279.86 299.13 270.41 315.42 315.09 333.28 347.52 353.21 
176.47 194.13 191.29 199.91 236.66 228.2 257.77 224.23 260.75 284.76 289.97 300.9 304.08 323.29 334.59 339.63 358.84 357.39 387.17 398.78 383.88 
191.54 220.75 212.33 223.49 233.16 252.91 261.33 276.72 307.65 310.8 303.45 342.84 348.98 382.31 370.17 378.96 398.97 444.58 418.15 466.78 507.32 
207.86 229.69 219.75 245.08 281.45 284.65 292.98 311.52 333.64 361.83 358.75 388.02 397.61 402.68 406.82 416.57 454.34 455.4 506.98 535.18 531.07 
228.18 238.27 249.75 297.24 288.43 322.66 340.73 361.75 370.23 368.32 437.8 444.61 447.99 385.57 475.11 484.27 437.18 476.76 480.06 503.16 556.28 
254.59 249.89 277.99 342.56 339.91 344.34 343.89 379.73 391.13 415.75 457.05 436.5 462.19 447.55 485.53 502.27 533.83 552.68 577.79 583.66 613.1 
250.81 321.45 275.93 312.74 333.76 322.53 366.81 444.83 364.15 435.99 483.69 477.52 472.78 521.97 561.45 528.05 555.9 548.74 550.87 615.71 612.87 
301.04 323.77 328.74 340.98 370.45 333.06 398.68 414.71 437.62 458.17 496.08 493.64 472.16 558.92 528.19 557.46 585.13 571.53 615.99 600.96 648.94 
276.46 318.99 341.26 372.68 407.25 384.2 400.65 476.6 454.31 482.51 472.67 521.92 563.22 503.33 565.38 514.25 623.3 637.3 698.88 655.5 579.53 
311.32 291.68 366.38 381.35 391.87 441.66 465.05 476.86 515 517.51 502.83 489.6 533.65 536.99 581.12 589.98 607.7 633.47 596.22 580.53 677.34 
329.15 379.46 354.73 419.4 401.89 410.09 400.64 475.9 462.14 508.83 518.83 573.59 563.71 596.3 675.5 593.35 617.93 664.7 685.34 645.11 690.15 
346.89 377.26 382.16 437.75 447.95 442.04 478.9 473.98 545.44 508.82 534.23 553.42 590.55 612.5 610.26 577.52 602.43 662.98 741.8 673.79 682.78 
332.48 374.5 422.08 440.58 442.25 442.56 437.78 567.94 483.95 542.67 612.64 526.67 600.22 595.98 586.68 655.97 716.95 722.2 765.08 641.34 720.66 
366.12 388.94 412.45 426.07 425.81 400.39 519.97 501.24 515.79 560.39 568.33 539.32 594.49 607.1 709.16 637.51 789.99 717.88 731.16 709.94 737.57 
368.05 404.86 403.33 465.98 479.6 480.24 537.15 536.6 561.66 547.78 605.96 610.19 615.01 560.67 605.58 626.67 658.28 632.55 734.05 669.94 740.91 
356.5 427.32 415.49 441.88 482.88 473.25 518.47 522.46 555.01 561.7 612.92 545.61 608.27 669.89 630.2 721.75 692.59 675.21 700.23 674.84 665.61 
390.78 396.19 451.96 469.67 525.18 513.79 470.26 530.31 570.75 564.57 551.62 526.7 633 621.2 637.7 674.86 717.71 731.02 676.38 646.2 612.83 
386.33 405.84 436.56 470.11 466.61 531.9 521.98 571.07 551.51 594.34 546.92 601.91 567.25 644.87 706.05 652.08 669.9 669.76 724.5 656.03 679.37 
388.73 393.34 428.64 452.54 468.27 552.77 524.98 517.56 562.15 619.5 618.16 686.19 683.61 674.44 678.48 699.46 693.48 744.26 685.83 637.89 772.1 
361.46 415.31 408.69 462.16 503.94 543.53 551.06 559.37 620.1 620.13 627.39 581.15 642.69 632.6 603.09 647.39 676.72 668.74 655.31 740.68 739.34 

gkls r = 6.8 e = 0.01 n = 10
415.51 246.02 203.16 190.08 203.75 202.43 215.11 238.61 271.05 265.77 279.67 
176.47 191.29 236.66 257.77 260.75 289.97 304.08 334.59 358.84 387.17 383.88 
207.86 219.75 281.45 292.98 333.64 358.75 397.61 406.82 454.34 506.98 531.07 
254.59 277.99 339.91 343.89 391.13 457.05 462.19 485.53 533.83 577.79 613.1 
301.04 328.74 370.45 398.68 437.62 496.08 472.16 528.19 585.13 615.99 648.94 
311.32 366.38 391.87 465.05 515 502.83 533.65 581.12 607.7 596.22 677.34 
346.89 382.16 447.95 478.9 545.44 534.23 590.55 610.26 602.43 741.8 682.78 
366.12 412.45 425.81 519.97 515.79 568.33 594.49 709.16 789.99 731.16 737.57 
356.5 415.49 482.88 518.47 555.01 612.92 608.27 630.2 692.59 700.23 665.61 
386.33 436.56 466.61 521.98 551.51 546.92 567.25 706.05 669.9 724.5 679.37 
361.46 408.69 503.94 551.06 620.1 627.39 642.69 603.09 676.72 655.31 739.34 



