Mult
98
158
424
324
173
486
387
123
143
205
304
175
314
51
336
283
134
342
95
170
174
253
119
306
222
84
311
10
166
144
180
527
191
455
151
100
0
205
372
117
117
117
207
238
110
232
125
364
136
169
448
233
328
392
394
0
195
23
83
119
271
640
187
446
259
189
264
225
326
27
0
224
287
184
201
380
91
402
164
301
319
273
78
314
308
337
103
163
326
184
435
22
223
159
126
282
134
299
278
0
count_true 100
Mult_finish
Mult_p
Mult_p
39
51
24
12
60
41
106
33
24
24
45
64
259
14
92
80
30
42
36
44
51
55
29
183
40
65
21
38
39
62
90
28
47
84
37
108
0
53
39
16
57
55
113
22
62
60
30
125
82
51
20
4
131
66
13
0
20
8
18
66
39
42
95
49
59
46
88
67
66
19
0
63
50
64
28
84
21
79
18
30
37
42
20
41
7
55
38
17
55
49
99
49
55
47
67
47
116
38
26
0
count_true 100
Mult_p_finish
Mult
731
459
305
458
789
1128
497
398
645
234
486
176
1144
824
Mult
615
305
258
466
755
1625
811
829
581
228
945
391
1478
478
332
630
506
1026
917
1107
899
1314
449
1793
710
923
1549
423
221
861
1481
1171
626
343
877
1470
0
774
1174
586
133
617
2624
541
1476
547
256
754
1746
92
307
1186
2541
781
Mult
731
count_true 1
Mult_finish
Mult_p
154
count_true 1
Mult_p_finish
Mult
647
count_true 1
Mult_finish
Mult_p
323
count_true 1
Mult_p_finish
