0.695312 0.520508
0.131836 0.567383
0.890625 0.405273
0.416992 0.376953
0.737305 0.143555
0.780273 0.850586
0.330078 0.989258
0.796875 0.0527344
0.490234 0.162109
0.700195 0.432617
0.533203 0.890625
0.28418 0.688477
0.898438 0.695312
0.0820312 0.361328
0.111328 0.929688
0.575195 0.113281
0.719727 0.856445
0.145508 0.750977
0.597656 0.703125
0.0498047 0.701172
0.505859 0.325195
0.925781 0.128906
0.293945 0.0820312
0.432617 0.791992
0.398438 0.610352
0.203125 0.438477
0.962891 0.899414
0.253906 0.347656
0.00683594 0.486328
0.808594 0.274414
0.803711 0.517578
0.0205078 0.208984
0.546875 0.232422
0.647461 0.0556641
0.973633 0.0996094
0.556641 0.811523
0.21875 0.962891
0.783203 0.145508
0.172852 0.0517578
0.65332 0.347656
0.443359 0.277344
0.0585938 0.850586
0.660156 0.885742
0.820312 0.876953
0.46582 0.679688
0.4375 0.955078
0.0175781 0.394531
0.356445 0.858398
0.675781 0.634766
0.34668 0.139648
0.0947266 0.515625
0.943359 0.804688
0.991211 0.597656
0.825195 0.467773
0.347656 0.442383
0.912109 0.25293
0.748047 0.751953
0.251953 0.592773
0.825195 0.633789
0.540039 0.452148
0.208984 0.349609
0.512695 0.600586
0.476562 0.0517578
0.146484 0.716797
0.0849609 0.125
0.576172 0.130859
0.111328 0.0986328
0.694336 0.295898
0.613281 0.849609
0.646484 0.199219
0.540039 0.0292969
0.834961 0.24707
0.305664 0.198242
0.0283203 0.957031
0.03125 0.571289
0.130859 0.90918
0.293945 0.895508
0.758789 0.402344
0.576172 0.991211
0.884766 0.849609
0.859375 0.0947266
0.939453 0.213867
0.639648 0.470703
0.501953 0.652344
0.302734 0.797852
0.74707 0.492188
0.601562 0.305664
0.62207 0.414062
0.813477 0.782227
0.825195 0.609375
0.93457 0.0351562
0.227539 0.548828
0.34375 0.287109
0.404297 0.722656
0.373047 0.68457
0.493164 0.753906
0.736328 0.105469
0.222656 0.111328
0.701172 0.729492
0.463867 0.473633
0.674805 0.615234
0.431641 0.371094
0.914062 0.996094
0.535156 0.376953
0.682617 0.78125
0.394531 0.210938
0.996094 0.65332
0.795898 0.728516
0.358398 0.0146484
0.598633 0.550781
0.804688 0.967773
0.472656 0.852539
0.813477 0.373047
0.624023 0.121094
0.342773 0.535156
0.251953 0.383789
0.1875 0.849609
0.245117 0.661133
0.415039 0.875977
0.0644531 0.449219
0.0957031 0.641602
0.964844 0.347656
0.105469 0.75293
0.176758 0.261719
0.445312 0.546875
0.895508 0.548828
0.384766 0.0712891
0.700195 0.956055
0.236328 0.00878906
0.046875 0.295898
0.685547 0.158203
0.148438 0.391602
0.552734 0.160156
0.949219 0.443359
0.116211 0.882812
0.133789 0.18457
0.589844 0.316406
0.515625 0.838867
0.599609 0.223633
0.717773 0.354492
0.691406 0.242188
0.0976562 0.581055
0.611328 0.791992
0.371094 0.783203
0.589844 0.477539
0.69043 0.00683594
0.0302734 0.108398
0.833984 0.405273
0.681641 0.0859375
0.0859375 0.946289
0.0869141 0.24707
0.799805 0.492188
0.342773 0.229492
0.544922 0.0800781
0.544922 0.738281
0.101562 0.00976562
0.00390625 0.550781
0.286133 0.838867
0.87207 0.62207
0.520508 0.992188
0.15625 0.953125
0.180664 0.530273
0.796875 0.760742
0.484375 0.12207
0.630859 0.625977
0.321289 0.399414
0.628906 0.972656
0.246094 0.800781
0.0615234 0.495117
0.421875 0.851562
0.230469 0.723633
0.884766 0.792969
0.228516 0.157227
0.769531 0.0859375
0.889648 0.22168
0.827148 0.857422
0.770508 0.313477
0.811523 0.59082
0.800781 0.660156
0.701172 0.757812
0.313477 0.925781
0.953125 0.738281
0.508789 0.150391
0.677734 0.28125
0.606445 0.158203
0.323242 0.330078
0.951172 0.0126953
0.673828 0.243164
0.571289 0.40918
0.571289 0.666016
0.977539 0.835938
0.827148 0.175781
0.726562 0.90918
0.775391 0.234375
0.383789 0.364258
0.641602 0.432617
0.0263672 0.884766
0.608398 0.0927734
0.69043 0.666992
0.442383 0.326172
0.269531 0.517578
0.69043 0.59082
0.173828 0.676758
0.280273 0.993164
0.412109 0.176758
0.492188 0.702148
0.87207 0.0419922
0.392578 0.665039
0.475586 0.921875
0.739258 0.443359
0.926758 0.108398
0.43457 0.0292969
0.298828 0.481445
0.773438 0.921875
0.489258 0.21875
0.379883 0.973633
0.166992 0.240234
0.583008 0.407227
0.326172 0.731445
0.608398 0.0283203
0.864258 0.268555
0.0898438 0.732422
0.974609 0.176758
0.442383 0.757812
0.391602 0.272461
0.176758 0.31543
0.0732422 0.396484
0.563477 0.588867
0.348633 0.0908203
0.303711 0.135742
0.924805 0.327148
0.208008 0.407227
0.681641 0.458984
0.322266 0.574219
0.222656 0.250977
0.574219 0.929688
0.655273 0.730469
0.607422 0.367188
0.648438 0.520508
0.634766 0.155273
0.572266 0.198242
0.299805 0.254883
0.133789 0.463867
0.84375 0.526367
0.268555 0.633789
0.861328 0.976562
0.385742 0.47168
0.0976562 0.827148
0.0966797 0.982422
0.504883 0.0986328
0.234375 0.62207
0.97168 0.987305
0.449219 0.420898
0.0898438 0.907227
0.608398 0.387695
0.548828 0.504883
0.167969 0.902344
0.571289 0.836914
0.507812 0.209961
0.693359 0.0888672
0.508789 0.492188
0.689453 0.166016
0.675781 0.858398
0.500977 0.876953
0.225586 0.886719
0.154297 0.827148
0.87793 0.455078
0.0400391 0.626953
0.578125 0.772461
0.145508 0.984375
0.574219 0.165039
0.853516 0.720703
0.633789 0.325195
0.419922 0.516602
0.12207 0.283203
0.547852 0.867188
0.405273 0.139648
0.931641 0.665039
0.974609 0.267578
0.750977 0.12793
0.865234 0.47168
0.859375 0.425781
0.311523 0.866211
0.597656 0.436523
0.523438 0.422852
0.724609 0.204102
0.103516 0.481445
0.663086 0.404297
0.00585938 0.805664
0.611328 0.449219
0.730469 0.271484
0.25293 0.03125
0.952148 0.50293
0.982422 0.410156
0.744141 0.986328
0.929688 0.592773
0.927734 0.928711
0.181641 0.104492
0.0263672 0.615234
0.179688 0.131836
0.620117 0.150391
0.616211 0.391602
0.512695 0.270508
0.0478516 0.985352
0.576172 0.421875
0.674805 0.327148
0.455078 0.624023
0.0283203 0.337891
0.0771484 0.610352
0.518555 0.777344
0.302734 0.411133
0.0634766 0.554688
0.727539 0.313477
0.273438 0.769531
0.191406 0.706055
0.608398 0.1875
0.195312 0.647461
0.248047 0.232422
0.810547 0.427734
0.634766 0.178711
0.574219 0.383789
0.270508 0.464844
0.0341797 0.152344
0.208984 0.301758
0.0351562 0.466797
0.801758 0.124023
0.710938 0.475586
0.445312 0.825195
0.769531 0.461914
0.583008 0.44043
0.767578 0.78418
0.186523 0.00390625
0.180664 0.421875
0.619141 0.384766
0.730469 0.0322266
0.518555 0.69043
0.318359 0.833008
0.586914 0.399414
0.641602 0.586914
0.766602 0.594727
0.448242 0.880859
0.636719 0.395508
0.683594 0.975586
0.333008 0.0595703
0.861328 0.780273
0.651367 0.657227
0.323242 0.780273
0.636719 0.0957031
0.254883 0.865234
0.0615234 0.208984
0.599609 0.46582
0.370117 0.411133
0.916016 0.769531
0.951172 0.0664062
0.420898 0.311523
0.500977 0.910156
0.375977 0.24707
0.59375 0.479492
0.0839844 0.679688
0.209961 0.577148
0.759766 0.648438
0.319336 0.253906
0.570312 0.0888672
0.881836 0.0820312
0.790039 0.364258
0.0507812 0.106445
0.994141 0.880859
0.361328 0.198242
0.327148 0.117188
0.181641 0.740234
0.59668 0.404297
0.618164 0.413086
0.604492 0.416016
0.501953 0.0498047
0.799805 0.878906
0.585938 0.426758
0.642578 0.410156
0.609375 0.429688
0.475586 0.638672
0.0439453 0.518555
0.65625 0.149414
0.572266 0.393555
0.583008 0.180664
0.375 0.835938
0.762695 0.970703
0.387695 0.0361328
0.119141 0.412109
0.192383 0.999023
0.75 0.101562
0.982422 0.0341797
0.610352 0.178711
0.603516 0.37793
0.617188 0.100586
0.855469 0.65625
0.0693359 0.0410156
0.243164 0.323242
0.946289 0.868164
0.578125 0.230469
0.732422 0.786133
0.458008 0.00292969
0.30957 0.548828
0.727539 0.652344
0.0488281 0.0546875
0.851562 0.592773
0.344727 0.900391
0.629883 0.226562
0.0888672 0.929688
0.982422 0.779297
0.59082 0.862305
0.75 0.542969
0.335938 0.173828
0.703125 0.0947266
0.734375 0.598633
0.567383 0.425781
0.588867 0.214844
0.671875 0.217773
0.613281 0.213867
0.62207 0.8125
0.592773 0.155273
0.591797 0.388672
0.579102 0.786133
0.931641 0.836914
0.613281 0.337891
0.420898 0.0966797
0.168945 0.194336
0.723633 0.391602
0.301758 0.34375
0.118164 0.178711
0.474609 0.353516
0.250977 0.921875
0.59668 0.410156
0.450195 0.137695
0.917969 0.483398
0.526367 0.880859
0.162109 0.597656
0.639648 0.273438
0.612305 0.404297
0.203125 0.780273
0.643555 0.378906
0.59668 0.390625
0.753906 0.177734
0.126953 0.532227
0.172852 0.475586
0.154297 0.649414
0.0732422 0.52832
0.59668 0.417969
0.379883 0.186523
0.897461 0.176758
0.0908203 0.883789
0.391602 0.103516
0.0214844 0.665039
0.460938 0.733398
0.295898 0.683594
0.0791016 0.492188
0.672852 0.347656
0.866211 0.829102
0.277344 0.734375
0.761719 0.709961
0.773438 0.12793
0.621094 0.401367
0.576172 0.456055
0.287109 0.948242
0.550781 0.832031
0.654297 0.165039
0.930664 0.416016
0.583984 0.417969
0.296875 0.601562
0.313477 0.508789
0.615234 0.416016
0.578125 0.397461
0.623047 0.43457
0.699219 0.885742
0.669922 0.00488281
0.891602 0.0292969
0.487305 0.287109
0.621094 0.364258
0.18457 0.182617
0.392578 0.774414
0.610352 0.769531
0.724609 0.287109
0.59668 0.961914
0.498047 0.397461
0.626953 0.214844
0.0507812 0.931641
0.854492 0.147461
0.608398 0.40625
0.780273 0.421875
0.788086 0.378906
0.352539 0.814453
0.177734 0.930664
0.705078 0.149414
0.21875 0.489258
0.640625 0.460938
0.600586 0.420898
0.0566406 0.621094
0.625977 0.413086
0.584961 0.43457
0.603516 0.428711
0.750977 0.274414
0.607422 0.136719
0.485352 0.975586
0.540039 0.930664
0.0390625 0.773438
0.603516 0.400391
0.890625 0.345703
0.525391 0.546875
0.546875 0.649414
0.414062 0.341797
0.357422 0.959961
0.873047 0.443359
0.0908203 0.867188
0.410156 0.24707
0.950195 0.128906
0.639648 0.776367
0.592773 0.413086
0.742188 0.709961
0.796875 0.453125
0.267578 0.806641
0.333008 0.868164
0.415039 0.633789
0.325195 0.421875
0.702148 0.263672
0.541016 0.151367
0.5 0.848633
0.598633 0.889648
0.827148 0.554688
0.594727 0.382812
0.393555 0.936523
0.84375 0.328125
0.28418 0.387695
0.578125 0.400391
0.551758 0.425781
0.130859 0.233398
0.594727 0.181641
0.475586 0.788086
0.373047 0.704102
0.533203 0.757812
0.683594 0.950195
0.609375 0.400391
0.600586 0.398438
0.200195 0.140625
0.631836 0.378906
0.644531 0.935547
0.988281 0.922852
0.401367 0.415039
0.630859 0.400391
0.146484 0.888672
0.373047 0.354492
0.610352 0.408203
0.333984 0.488281
0.104492 0.444336
0.610352 0.236328
0.204102 0.229492
0.613281 0.604492
0.413086 0.0664062
0.797852 0.819336
0.600586 0.428711
0.0849609 0.583984
0.981445 0.69043
0.555664 0.59082
0.556641 0.396484
0.623047 0.402344
0.616211 0.381836
0.597656 0.40625
0.5625 0.0595703
0.276367 0.303711
0.604492 0.413086
0.584961 0.415039
0.572266 0.441406
0.773438 0.0214844
0.578125 0.164062
0.74707 0.541992
0.614258 0.417969
0.595703 0.40625
0.620117 0.391602
0.75293 0.473633
0.246094 0.637695
0.592773 0.417969
0.958008 0.307617
0.115234 0.960938
0.833984 0.419922
0.626953 0.828125
0.583008 0.375977
0.682617 0.182617
0.167969 0.636719
0.186523 0.37793
0.566406 0.142578
0.611328 0.424805
0.608398 0.417969
0.0830078 0.797852
0.603516 0.394531
0.604492 0.404297
0.535156 0.100586
0.714844 0.977539
0.6875 0.0654297
0.991211 0.228516
0.802734 0.0791016
0.605469 0.402344
0.597656 0.414062
0.563477 0.22168
0.618164 0.166016
0.570312 0.43457
0.615234 0.401367
0.635742 0.344727
0.594727 0.399414
0.311523 0.84082
0.483398 0.576172
0.637695 0.419922
0.289062 0.772461
0.0283203 0.170898
0.586914 0.137695
0.111328 0.532227
0.619141 0.188477
0.561523 0.464844
0.546875 0.353516
0.612305 0.413086
0.0429688 0.557617
0.603516 0.43457
0.922852 0.50293
0.0214844 0.730469
0.615234 0.40625
0.59668 0.349609
0.573242 0.179688
0.664062 0.0966797
0.587891 0.402344
0.818359 0.295898
0.541992 0.947266
0.557617 0.37793
0.568359 0.398438
0.610352 0.464844
0.587891 0.391602
0.585938 0.408203
0.641602 0.421875
0.155273 0.288086
0.59668 0.421875
0.647461 0.133789
0.770508 0.116211
0.573242 0.418945
0.472656 0.525391
0.211914 0.0673828
0.609375 0.392578
0.969727 0.472656
0.899414 0.299805
0.585938 0.414062
0.37793 0.223633
0.606445 0.411133
0.00976562 0.832031
0.603516 0.408203
0.0205078 0.208984 0
0.695312 0.520508 1
0.890625 0.405273 0
0.131836 0.567383 1
0.737305 0.143555 0
0.416992 0.376953 1
0.330078 0.989258 0
0.780273 0.850586 1
0.490234 0.162109 0
0.796875 0.0527344 1
0.533203 0.890625 0
0.700195 0.432617 1
0.898438 0.695312 0
0.28418 0.688477 1
0.111328 0.929688 0
0.0820312 0.361328 1
0.719727 0.856445 0
0.575195 0.113281 1
0.597656 0.703125 0
0.145508 0.750977 1
0.505859 0.325195 0
0.0498047 0.701172 1
0.293945 0.0820312 0
0.925781 0.128906 1
0.398438 0.610352 0
0.432617 0.791992 1
0.962891 0.899414 0
0.203125 0.438477 1
0.00683594 0.486328 0
0.253906 0.347656 1
0.803711 0.517578 0
0.808594 0.274414 1
0.647461 0.0556641 0
0.546875 0.232422 1
0.556641 0.811523 0
0.973633 0.0996094 1
0.783203 0.145508 0
0.21875 0.962891 1
0.65332 0.347656 0
0.172852 0.0517578 1
0.0585938 0.850586 0
0.443359 0.277344 1
0.820312 0.876953 0
0.660156 0.885742 1
0.4375 0.955078 0
0.46582 0.679688 1
0.356445 0.858398 0
0.0175781 0.394531 1
0.34668 0.139648 0
0.675781 0.634766 1
0.943359 0.804688 0
0.0947266 0.515625 1
0.825195 0.467773 0
0.991211 0.597656 1
0.912109 0.25293 0
0.347656 0.442383 1
0.251953 0.592773 0
0.748047 0.751953 1
0.540039 0.452148 0
0.825195 0.633789 1
0.512695 0.600586 0
0.208984 0.349609 1
0.146484 0.716797 0
0.476562 0.0517578 1
0.576172 0.130859 0
0.0849609 0.125 1
0.694336 0.295898 0
0.111328 0.0986328 1
0.646484 0.199219 0
0.613281 0.849609 1
0.834961 0.24707 0
0.540039 0.0292969 1
0.0283203 0.957031 0
0.305664 0.198242 1
0.130859 0.90918 0
0.03125 0.571289 1
0.758789 0.402344 0
0.293945 0.895508 1
0.884766 0.849609 0
0.576172 0.991211 1
0.939453 0.213867 0
0.859375 0.0947266 1
0.501953 0.652344 0
0.639648 0.470703 1
0.74707 0.492188 0
0.302734 0.797852 1
0.62207 0.414062 0
0.601562 0.305664 1
0.825195 0.609375 0
0.813477 0.782227 1
0.227539 0.548828 0
0.93457 0.0351562 1
0.404297 0.722656 0
0.34375 0.287109 1
0.493164 0.753906 0
0.373047 0.68457 1
0.222656 0.111328 0
0.736328 0.105469 1
0.463867 0.473633 0
0.701172 0.729492 1
0.431641 0.371094 0
0.674805 0.615234 1
0.535156 0.376953 0
0.914062 0.996094 1
0.394531 0.210938 0
0.682617 0.78125 1
0.795898 0.728516 0
0.996094 0.65332 1
0.598633 0.550781 0
0.358398 0.0146484 1
0.472656 0.852539 0
0.804688 0.967773 1
0.624023 0.121094 0
0.813477 0.373047 1
0.251953 0.383789 0
0.342773 0.535156 1
0.245117 0.661133 0
0.1875 0.849609 1
0.0644531 0.449219 0
0.415039 0.875977 1
0.964844 0.347656 0
0.0957031 0.641602 1
0.176758 0.261719 0
0.105469 0.75293 1
0.895508 0.548828 0
0.445312 0.546875 1
0.700195 0.956055 0
0.384766 0.0712891 1
0.046875 0.295898 0
0.236328 0.00878906 1
0.148438 0.391602 0
0.685547 0.158203 1
0.949219 0.443359 0
0.552734 0.160156 1
0.133789 0.18457 0
0.116211 0.882812 1
0.515625 0.838867 0
0.589844 0.316406 1
0.717773 0.354492 0
0.599609 0.223633 1
0.0976562 0.581055 0
0.691406 0.242188 1
0.371094 0.783203 0
0.611328 0.791992 1
0.69043 0.00683594 0
0.589844 0.477539 1
0.833984 0.405273 0
0.0302734 0.108398 1
0.0859375 0.946289 0
0.681641 0.0859375 1
0.799805 0.492188 0
0.0869141 0.24707 1
0.544922 0.0800781 0
0.342773 0.229492 1
0.101562 0.00976562 0
0.544922 0.738281 1
0.286133 0.838867 0
0.00390625 0.550781 1
0.520508 0.992188 0
0.87207 0.62207 1
0.180664 0.530273 0
0.15625 0.953125 1
0.484375 0.12207 0
0.796875 0.760742 1
0.321289 0.399414 0
0.630859 0.625977 1
0.246094 0.800781 0
0.628906 0.972656 1
0.421875 0.851562 0
0.0615234 0.495117 1
0.884766 0.792969 0
0.230469 0.723633 1
0.769531 0.0859375 0
0.228516 0.157227 1
0.827148 0.857422 0
0.889648 0.22168 1
0.811523 0.59082 0
0.770508 0.313477 1
0.701172 0.757812 0
0.800781 0.660156 1
0.953125 0.738281 0
0.313477 0.925781 1
0.677734 0.28125 0
0.508789 0.150391 1
0.323242 0.330078 0
0.606445 0.158203 1
0.673828 0.243164 0
0.951172 0.0126953 1
0.571289 0.666016 0
0.571289 0.40918 1
0.827148 0.175781 0
0.977539 0.835938 1
0.775391 0.234375 0
0.726562 0.90918 1
0.641602 0.432617 0
0.383789 0.364258 1
0.608398 0.0927734 0
0.0263672 0.884766 1
0.442383 0.326172 0
0.69043 0.666992 1
0.69043 0.59082 0
0.269531 0.517578 1
0.280273 0.993164 0
0.173828 0.676758 1
0.492188 0.702148 0
0.412109 0.176758 1
0.392578 0.665039 0
0.87207 0.0419922 1
0.739258 0.443359 0
0.475586 0.921875 1
0.43457 0.0292969 0
0.926758 0.108398 1
0.773438 0.921875 0
0.298828 0.481445 1
0.379883 0.973633 0
0.489258 0.21875 1
0.583008 0.407227 0
0.166992 0.240234 1
0.608398 0.0283203 0
0.326172 0.731445 1
0.0898438 0.732422 0
0.864258 0.268555 1
0.442383 0.757812 0
0.974609 0.176758 1
0.176758 0.31543 0
0.391602 0.272461 1
0.563477 0.588867 0
0.0732422 0.396484 1
0.303711 0.135742 0
0.348633 0.0908203 1
0.208008 0.407227 0
0.924805 0.327148 1
0.322266 0.574219 0
0.681641 0.458984 1
0.574219 0.929688 0
0.222656 0.250977 1
0.607422 0.367188 0
0.655273 0.730469 1
0.634766 0.155273 0
0.648438 0.520508 1
0.299805 0.254883 0
0.572266 0.198242 1
0.84375 0.526367 0
0.133789 0.463867 1
0.861328 0.976562 0
0.268555 0.633789 1
0.0976562 0.827148 0
0.385742 0.47168 1
0.504883 0.0986328 0
0.0966797 0.982422 1
0.97168 0.987305 0
0.234375 0.62207 1
0.0898438 0.907227 0
0.449219 0.420898 1
0.548828 0.504883 0
0.608398 0.387695 1
0.571289 0.836914 0
0.167969 0.902344 1
0.693359 0.0888672 0
0.507812 0.209961 1
0.689453 0.166016 0
0.508789 0.492188 1
0.500977 0.876953 0
0.675781 0.858398 1
0.154297 0.827148 0
0.225586 0.886719 1
0.0400391 0.626953 0
0.87793 0.455078 1
0.145508 0.984375 0
0.578125 0.772461 1
0.853516 0.720703 0
0.574219 0.165039 1
0.419922 0.516602 0
0.633789 0.325195 1
0.547852 0.867188 0
0.12207 0.283203 1
0.931641 0.665039 0
0.405273 0.139648 1
0.750977 0.12793 0
0.974609 0.267578 1
0.859375 0.425781 0
0.865234 0.47168 1
0.597656 0.436523 0
0.311523 0.866211 1
0.724609 0.204102 0
0.523438 0.422852 1
0.663086 0.404297 0
0.103516 0.481445 1
0.611328 0.449219 0
0.00585938 0.805664 1
0.25293 0.03125 0
0.730469 0.271484 1
0.982422 0.410156 0
0.952148 0.50293 1
0.929688 0.592773 0
0.744141 0.986328 1
0.181641 0.104492 0
0.927734 0.928711 1
0.179688 0.131836 0
0.0263672 0.615234 1
0.616211 0.391602 0
0.620117 0.150391 1
0.0478516 0.985352 0
0.512695 0.270508 1
0.674805 0.327148 0
0.576172 0.421875 1
0.0283203 0.337891 0
0.455078 0.624023 1
0.518555 0.777344 0
0.0771484 0.610352 1
0.0634766 0.554688 0
0.302734 0.411133 1
0.273438 0.769531 0
0.727539 0.313477 1
0.608398 0.1875 0
0.191406 0.706055 1
0.248047 0.232422 0
0.195312 0.647461 1
0.634766 0.178711 0
0.810547 0.427734 1
0.270508 0.464844 0
0.574219 0.383789 1
0.208984 0.301758 0
0.0341797 0.152344 1
0.801758 0.124023 0
0.0351562 0.466797 1
0.445312 0.825195 0
0.710938 0.475586 1
0.583008 0.44043 0
0.769531 0.461914 1
0.186523 0.00390625 0
0.767578 0.78418 1
0.619141 0.384766 0
0.180664 0.421875 1
0.518555 0.69043 0
0.730469 0.0322266 1
0.586914 0.399414 0
0.318359 0.833008 1
0.766602 0.594727 0
0.641602 0.586914 1
0.636719 0.395508 0
0.448242 0.880859 1
0.333008 0.0595703 0
0.683594 0.975586 1
0.651367 0.657227 0
0.861328 0.780273 1
0.636719 0.0957031 0
0.323242 0.780273 1
0.0615234 0.208984 0
0.254883 0.865234 1
0.370117 0.411133 0
0.599609 0.46582 1
0.951172 0.0664062 0
0.916016 0.769531 1
0.500977 0.910156 0
0.420898 0.311523 1
0.59375 0.479492 0
0.375977 0.24707 1
0.209961 0.577148 0
0.0839844 0.679688 1
0.319336 0.253906 0
0.759766 0.648438 1
0.881836 0.0820312 0
0.570312 0.0888672 1
0.0507812 0.106445 0
0.790039 0.364258 1
0.361328 0.198242 0
0.994141 0.880859 1
0.181641 0.740234 0
0.327148 0.117188 1
0.618164 0.413086 0
0.59668 0.404297 1
0.501953 0.0498047 0
0.604492 0.416016 1
0.585938 0.426758 0
0.799805 0.878906 1
0.609375 0.429688 0
0.642578 0.410156 1
0.0439453 0.518555 0
0.475586 0.638672 1
0.572266 0.393555 0
0.65625 0.149414 1
0.375 0.835938 0
0.583008 0.180664 1
0.387695 0.0361328 0
0.762695 0.970703 1
0.192383 0.999023 0
0.119141 0.412109 1
0.982422 0.0341797 0
0.75 0.101562 1
0.603516 0.37793 0
0.610352 0.178711 1
0.855469 0.65625 0
0.617188 0.100586 1
0.243164 0.323242 0
0.0693359 0.0410156 1
0.578125 0.230469 0
0.946289 0.868164 1
0.458008 0.00292969 0
0.732422 0.786133 1
0.727539 0.652344 0
0.30957 0.548828 1
0.851562 0.592773 0
0.0488281 0.0546875 1
0.629883 0.226562 0
0.344727 0.900391 1
0.982422 0.779297 0
0.0888672 0.929688 1
0.75 0.542969 0
0.59082 0.862305 1
0.703125 0.0947266 0
0.335938 0.173828 1
0.567383 0.425781 0
0.734375 0.598633 1
0.671875 0.217773 0
0.588867 0.214844 1
0.62207 0.8125 0
0.613281 0.213867 1
0.591797 0.388672 0
0.592773 0.155273 1
0.931641 0.836914 0
0.579102 0.786133 1
0.420898 0.0966797 0
0.613281 0.337891 1
0.723633 0.391602 0
0.168945 0.194336 1
0.118164 0.178711 0
0.301758 0.34375 1
0.250977 0.921875 0
0.474609 0.353516 1
0.450195 0.137695 0
0.59668 0.410156 1
0.526367 0.880859 0
0.917969 0.483398 1
0.639648 0.273438 0
0.162109 0.597656 1
0.203125 0.780273 0
0.612305 0.404297 1
0.59668 0.390625 0
0.643555 0.378906 1
0.126953 0.532227 0
0.753906 0.177734 1
0.154297 0.649414 0
0.172852 0.475586 1
0.59668 0.417969 0
0.0732422 0.52832 1
0.897461 0.176758 0
0.379883 0.186523 1
0.391602 0.103516 0
0.0908203 0.883789 1
0.460938 0.733398 0
0.0214844 0.665039 1
0.0791016 0.492188 0
0.295898 0.683594 1
0.866211 0.829102 0
0.672852 0.347656 1
0.761719 0.709961 0
0.277344 0.734375 1
0.621094 0.401367 0
0.773438 0.12793 1
0.287109 0.948242 0
0.576172 0.456055 1
0.654297 0.165039 0
0.550781 0.832031 1
0.583984 0.417969 0
0.930664 0.416016 1
0.313477 0.508789 0
0.296875 0.601562 1
0.578125 0.397461 0
0.615234 0.416016 1
0.699219 0.885742 0
0.623047 0.43457 1
0.891602 0.0292969 0
0.669922 0.00488281 1
0.621094 0.364258 0
0.487305 0.287109 1
0.392578 0.774414 0
0.18457 0.182617 1
0.724609 0.287109 0
0.610352 0.769531 1
0.498047 0.397461 0
0.59668 0.961914 1
0.0507812 0.931641 0
0.626953 0.214844 1
0.608398 0.40625 0
0.854492 0.147461 1
0.788086 0.378906 0
0.780273 0.421875 1
0.177734 0.930664 0
0.352539 0.814453 1
0.21875 0.489258 0
0.705078 0.149414 1
0.600586 0.420898 0
0.640625 0.460938 1
0.625977 0.413086 0
0.0566406 0.621094 1
0.603516 0.428711 0
0.584961 0.43457 1
0.607422 0.136719 0
0.750977 0.274414 1
0.540039 0.930664 0
0.485352 0.975586 1
0.603516 0.400391 0
0.0390625 0.773438 1
0.525391 0.546875 0
0.890625 0.345703 1
0.414062 0.341797 0
0.546875 0.649414 1
0.873047 0.443359 0
0.357422 0.959961 1
0.410156 0.24707 0
0.0908203 0.867188 1
0.639648 0.776367 0
0.950195 0.128906 1
0.742188 0.709961 0
0.592773 0.413086 1
0.267578 0.806641 0
0.796875 0.453125 1
0.415039 0.633789 0
0.333008 0.868164 1
0.702148 0.263672 0
0.325195 0.421875 1
0.5 0.848633 0
0.541016 0.151367 1
0.827148 0.554688 0
0.598633 0.889648 1
0.393555 0.936523 0
0.594727 0.382812 1
0.28418 0.387695 0
0.84375 0.328125 1
0.551758 0.425781 0
0.578125 0.400391 1
0.594727 0.181641 0
0.130859 0.233398 1
0.373047 0.704102 0
0.475586 0.788086 1
0.683594 0.950195 0
0.533203 0.757812 1
0.600586 0.398438 0
0.609375 0.400391 1
0.631836 0.378906 0
0.200195 0.140625 1
0.988281 0.922852 0
0.644531 0.935547 1
0.630859 0.400391 0
0.401367 0.415039 1
0.373047 0.354492 0
0.146484 0.888672 1
0.333984 0.488281 0
0.610352 0.408203 1
0.610352 0.236328 0
0.104492 0.444336 1
0.613281 0.604492 0
0.204102 0.229492 1
0.797852 0.819336 0
0.413086 0.0664062 1
0.0849609 0.583984 0
0.600586 0.428711 1
0.555664 0.59082 0
0.981445 0.69043 1
0.623047 0.402344 0
0.556641 0.396484 1
0.597656 0.40625 0
0.616211 0.381836 1
0.276367 0.303711 0
0.5625 0.0595703 1
0.584961 0.415039 0
0.604492 0.413086 1
0.773438 0.0214844 0
0.572266 0.441406 1
0.74707 0.541992 0
0.578125 0.164062 1
0.595703 0.40625 0
0.614258 0.417969 1
0.75293 0.473633 0
0.620117 0.391602 1
0.592773 0.417969 0
0.246094 0.637695 1
0.115234 0.960938 0
0.958008 0.307617 1
0.626953 0.828125 0
0.833984 0.419922 1
0.682617 0.182617 0
0.583008 0.375977 1
0.186523 0.37793 0
0.167969 0.636719 1
0.611328 0.424805 0
0.566406 0.142578 1
0.0830078 0.797852 0
0.608398 0.417969 1
0.604492 0.404297 0
0.603516 0.394531 1
0.714844 0.977539 0
0.535156 0.100586 1
0.991211 0.228516 0
0.6875 0.0654297 1
0.605469 0.402344 0
0.802734 0.0791016 1
0.563477 0.22168 0
0.597656 0.414062 1
0.570312 0.43457 0
0.618164 0.166016 1
0.635742 0.344727 0
0.615234 0.401367 1
0.311523 0.84082 0
0.594727 0.399414 1
0.637695 0.419922 0
0.483398 0.576172 1
0.0283203 0.170898 0
0.289062 0.772461 1
0.111328 0.532227 0
0.586914 0.137695 1
0.561523 0.464844 0
0.619141 0.188477 1
0.612305 0.413086 0
0.546875 0.353516 1
0.603516 0.43457 0
0.0429688 0.557617 1
0.0214844 0.730469 0
0.922852 0.50293 1
0.59668 0.349609 0
0.615234 0.40625 1
0.664062 0.0966797 0
0.573242 0.179688 1
0.818359 0.295898 0
0.587891 0.402344 1
0.557617 0.37793 0
0.541992 0.947266 1
0.610352 0.464844 0
0.568359 0.398438 1
0.585938 0.408203 0
0.587891 0.391602 1
0.155273 0.288086 0
0.641602 0.421875 1
0.647461 0.133789 0
0.59668 0.421875 1
0.573242 0.418945 0
0.770508 0.116211 1
0.211914 0.0673828 0
0.472656 0.525391 1
0.969727 0.472656 0
0.609375 0.392578 1
0.585938 0.414062 0
0.899414 0.299805 1
0.606445 0.411133 0
0.37793 0.223633 1
0.603516 0.408203 0
0.00976562 0.832031 1
