0.592773 0.983398 0
0.27832 0.702148 1
0.196289 0.44043 2
0.801758 0.392578 3
0.375977 0.139648 0
0.242188 0.62793 1
0.537109 0.15625 2
0.923828 0.708984 3
0.349609 0.182617 0
0.238281 0.0458984 1
0.862305 0.102539 2
0.527344 0.333984 3
0.0859375 0.420898 0
0.628906 0.000976562 1
0.882812 0.487305 2
0.0117188 0.943359 3
0.475586 0.513672 0
0.4375 0.889648 1
0.0703125 0.527344 2
0.881836 0.34082 3
0.46875 0.197266 0
0.711914 0.227539 1
0.0205078 0.541016 2
0.229492 0.567383 3
0.477539 0.355469 0
0.888672 0.245117 1
0.642578 0.418945 2
0.805664 0.94043 3
0.0175781 0.709961 0
0.740234 0.771484 1
0.566406 0.475586 2
0.710938 0.487305 3
0.453125 0.6875 0
0.179688 0.333984 1
0.75 0.522461 2
0.677734 0.478516 3
0.330078 0.975586 0
0.950195 0.823242 1
0.0947266 0.141602 2
0.220703 0.90918 3
0.401367 0.0117188 0
0.308594 0.329102 1
0.27832 0.512695 2
0.506836 0.810547 3
0.822266 0.857422 0
0.701172 0.500977 1
0.875 0.988281 2
0.6875 0.831055 3
0.549805 0.123047 0
0.9375 0.576172 1
0.689453 0.402344 2
0.676758 0.196289 3
0.576172 0.376953 0
0.0234375 0.119141 1
0.441406 0.0869141 2
0.604492 0.186523 3
0.399414 0.443359 0
0.556641 0.137695 1
0.615234 0.0839844 2
0.552734 0.450195 3
0.0644531 0.580078 0
0.576172 0.167969 1
0.610352 0.370117 2
0.527344 0.395508 3
0.985352 0.759766 0
0.626953 0.304688 1
0.942383 0.0810547 2
0.594727 0.415039 3
